=== NationalAntiSlaveryStandard ===
[32 49 91 46 16  7  2 62 74 42]
[1.4636855560971793, 1.4635471640203561, 1.0422900681841072, 0.7693090807732097, 0.7312134405016608, 0.4372790122639789, 0.40082694074700287, 0.2947124876503602, 0.2759242413970857, 0.24565126169669105]
=== TheLiberator ===
[90 34 59 54 14 42 82 37 77 16]
[0.44997915353110285, 0.44328924868513253, 0.41335764267287667, 0.4045162090265788, 0.2459241310954563, 0.23308635367667607, 0.20721739637468373, 0.20071688193751358, 0.19738382324539439, 0.1936370903994713]
=== WeeklyAdvocateAndColoredAmerican ===
[92 30  6 79 93 12 31 29 75 39]
[0.8264764048018636, 0.559160370026194, 0.5103045300589972, 0.46482856559046226, 0.4553699574120138, 0.4537903114690174, 0.39089459241640334, 0.37599009312150766, 0.32936181814022447, 0.31960285303077995]
=== ProvincialFreeman ===
[70 57  8 25 43 72  0 56 61 58]
[1.0126320753374443, 0.9492720402079065, 0.8474041685727216, 0.541336741664797, 0.5354929665141186, 0.5175866341701822, 0.47862375100845744, 0.44773260314130736, 0.39221447801504405, 0.3871623292279538]
=== AllDouglass ===
[92 80  1 97 24 89 61 76 30 23]
[0.3163413130040058, 0.30169457848509973, 0.29685141881169885, 0.2122260664500435, 0.20601190042046502, 0.19900595836964063, 0.18212273513041088, 0.17926809029806146, 0.1739487624814493, 0.16283135588976494]
=== FreedomsJournal ===
[ 2 44  6 74 56  0 12 58 76 61]
[0.8833517454946529, 0.6805696307333928, 0.6533640136223937, 0.6202575461871129, 0.6155920642425476, 0.5818372097430036, 0.5518391480711742, 0.5275419888960187, 0.5248292400922114, 0.5154038337339211]
=== TheChristianRecorder ===
[52 78 93 36 72 61 30 44 70 10]
[1.0701075229524672, 0.9934773749475978, 0.7319130064471544, 0.7049529745254306, 0.4869009801306916, 0.4434134321448573, 0.434050321324853, 0.4170901793892545, 0.4097550830051091, 0.37303406491161617]
=== TheNationalEra ===
[65 53 81 68 57 15 83 26 60 62]
[0.872711042538908, 0.7731888736550505, 0.7316654283279307, 0.7034482071854204, 0.6101505990860694, 0.508923253010918, 0.41288392623953096, 0.41057963573984124, 0.3325338079446707, 0.32508547017900624]
